1739.0|1640021240.972959
1599.0|1640021241.4863548
1599.0|1640436697.908142
1589.0|1640436698.8600152
1799.0|1640436699.559646
1489.0|1640436700.275296
1599.0|1640437419.753699
1589.0|1640437420.5175848
1799.0|1640437421.36025
1489.0|1640437422.04815
1599.0|1640437660.1238148
1589.0|1640437660.921982
1799.0|1640437661.722513
1489.0|1640437662.580192
1599.0|1640437791.110113
1589.0|1640437791.923737
1799.0|1640437792.5844638
1489.0|1640437793.3504179
1599.0|1640438035.7560918
1589.0|1640438036.643252
1799.0|1640438037.467446
1489.0|1640438038.1722019
1599.0|1640477967.050644
1589.0|1640477967.996068
1799.0|1640477968.6508281
1489.0|1640477969.514636
1599.0|1640690342.2713
1599.0|1640961713.7589052
