569.0|1639927857.145532
599.0|1639927859.3839118
569.0|1639929851.9838731
599.0|1639929855.41287
699.0|1640020784.845259
569.0|1640020786.923568
599.0|1640020788.910759
699.0|1640366359.622234
699.0|1640366360.2664819
679.0|1640366361.0471811
649.0|1640366361.7772841
569.0|1640366364.2037451
599.0|1640366365.474837
599.0|1640366366.668594
699.0|1640427741.749556
699.0|1640427742.346674
679.0|1640427742.989582
649.0|1640427743.598122
569.0|1640427745.662633
599.0|1640427747.509241
599.0|1640427749.246874
699.0|1640428054.490359
699.0|1640428055.057879
679.0|1640428055.7300322
649.0|1640428056.131835
569.0|1640428058.70811
599.0|1640428059.856378
599.0|1640428060.973082
699.0|1640428095.498067
699.0|1640428095.964619
679.0|1640428096.686871
649.0|1640428097.298582
569.0|1640428099.290269
599.0|1640428100.271084
599.0|1640428101.396238
699.0|1640428185.3508291
699.0|1640428185.889678
679.0|1640428186.717172
649.0|1640428187.3095539
569.0|1640428189.241108
599.0|1640428189.984912
599.0|1640428190.6905699
629.0|1640428197.833921
701.67|1640428249.055535
699.0|1640435383.6951969
699.0|1640435384.201768
679.0|1640435384.803529
649.0|1640435385.269419
569.0|1640435387.23161
599.0|1640435387.892381
599.0|1640435388.8981729
699.0|1640435446.252058
699.0|1640435447.47472
679.0|1640435448.197322
649.0|1640435448.707808
569.0|1640435450.66857
599.0|1640435451.782353
599.0|1640435454.01013
699.0|1640435560.32596
699.0|1640435560.850969
679.0|1640435561.556227
649.0|1640435562.158828
569.0|1640435565.8643498
599.0|1640435568.2156758
599.0|1640435569.536988
699.0|1640435928.569773
699.0|1640435929.071577
679.0|1640435929.998615
649.0|1640435930.517744
569.0|1640435932.084
599.0|1640435932.792319
599.0|1640435933.778922
699.0|1640436258.6752052
699.0|1640436259.224531
679.0|1640436259.8288362
649.0|1640436260.336426
569.0|1640436261.690866
599.0|1640436262.384193
599.0|1640436263.5231318
699.0|1640436425.9197361
699.0|1640436426.434657
679.0|1640436427.145889
649.0|1640436427.7676852
569.0|1640436430.0134861
599.0|1640436430.949973
599.0|1640436431.788795
699.0|1640436483.476033
699.0|1640436483.992029
679.0|1640436484.799767
649.0|1640436485.323724
569.0|1640436487.3510232
599.0|1640436489.214905
599.0|1640436490.450606
629.0|1640436496.4211159
701.67|1640436550.329157
699.0|1640436661.133506
699.0|1640436661.7454112
679.0|1640436662.5740721
649.0|1640436663.40483
699.0|1640437383.781666
699.0|1640437384.477531
679.0|1640437385.3772001
649.0|1640437386.104827
699.0|1640437625.109526
699.0|1640437625.7114298
679.0|1640437626.946971
649.0|1640437627.658571
699.0|1640437751.968173
699.0|1640437752.686093
679.0|1640437753.619305
649.0|1640437754.327054
699.0|1640437999.768189
699.0|1640438000.3974762
679.0|1640438001.121137
649.0|1640438001.7723079
699.0|1640477929.049144
699.0|1640477929.686631
679.0|1640477930.5246139
649.0|1640477931.1653278
699.0|1640690310.2910662
699.0|1640690310.979648
679.0|1640690311.890461
649.0|1640690312.520281
699.0|1640795761.320479
699.0|1640795761.9082801
679.0|1640795762.7600188
649.0|1640795763.475195
699.0|1640795921.62912
699.0|1640795922.288012
679.0|1640795923.0444028
649.0|1640795923.710628
699.0|1640796633.763923
699.0|1640796634.3584158
679.0|1640796635.212521
649.0|1640796635.934104
699.0|1640800702.968437
699.0|1640800703.4453561
679.0|1640800704.10346
649.0|1640800704.590142
569.0|1640817480.362626
599.0|1640817481.6460001
599.0|1640817482.8389819
549.0|1640817484.430133
569.0|1640817875.325088
599.0|1640817877.2579799
599.0|1640817878.5267751
549.0|1640817879.6676219
569.0|1640960055.384601
599.0|1640960056.3234339
599.0|1640960057.769324
549.0|1640960058.721738
569.0|1640960120.7494972
599.0|1640960121.7258618
599.0|1640960122.93071
549.0|1640960124.098335
569.0|1640960192.8823738
599.0|1640960193.9393852
599.0|1640960195.545038
549.0|1640960196.9449332
569.0|1640960283.522611
599.0|1640960287.298769
599.0|1640960288.50418
549.0|1640960289.340987
569.0|1640960400.145662
599.0|1640960402.3711932
599.0|1640960403.756159
549.0|1640960404.9213781
569.0|1640960500.9099379
599.0|1640960502.2608051
599.0|1640960503.207979
549.0|1640960505.1593778
569.0|1640960560.327116
599.0|1640960561.29132
599.0|1640960562.613348
549.0|1640960564.4246368
569.0|1640961341.150624
599.0|1640961343.6887062
599.0|1640961344.8155332
549.0|1640961346.025473
569.0|1640961643.256941
599.0|1640961644.49347
599.0|1640961645.5300522
549.0|1640961647.7408059
