2989.0|1639928001.185932
3089.0|1639928001.928146
2899.0|1639928002.439577
2999.0|1639928003.233619
2999.0|1639928003.792692
2989.0|1639929998.326675
3089.0|1639929998.945794
2899.0|1639929999.4857988
2999.0|1639930000.684445
2999.0|1639930001.20886
2989.0|1640021501.9883
3089.0|1640021502.503628
2899.0|1640021503.013939
2999.0|1640021503.731502
2949.0|1640021504.339676
2989.0|1640436702.635375
3089.0|1640436703.453654
2899.0|1640436704.171288
2999.0|1640436705.114055
2999.0|1640436705.7961369
2949.0|1640436706.5358238
2949.0|1640436707.334033
2759.0|1640436708.252959
2989.0|1640437424.613007
3089.0|1640437425.551829
2899.0|1640437426.449665
2999.0|1640437427.3668249
2999.0|1640437428.306725
2949.0|1640437429.006165
2949.0|1640437429.623001
2759.0|1640437430.45207
2989.0|1640437665.056434
3089.0|1640437665.8853362
2899.0|1640437666.577228
2999.0|1640437667.599654
2999.0|1640437668.3822029
2949.0|1640437669.2479181
2949.0|1640437669.952778
2759.0|1640437670.981201
2989.0|1640437795.504331
3089.0|1640437796.429305
2899.0|1640437797.132363
2999.0|1640437798.192757
2999.0|1640437798.8841019
2949.0|1640437799.580054
2949.0|1640437800.257437
2759.0|1640437801.243398
2989.0|1640438040.9584908
3089.0|1640438041.733289
2899.0|1640438042.4260979
2999.0|1640438043.5675662
2999.0|1640438044.225717
2949.0|1640438044.9057589
2949.0|1640438045.659536
2759.0|1640438046.535885
2989.0|1640477972.285552
3089.0|1640477973.3052642
2899.0|1640477974.127058
2999.0|1640477975.387489
2949.0|1640477976.17487
2759.0|1640477977.406922
2989.0|1640690345.1476438
3089.0|1640690345.945208
2899.0|1640690346.648184
3169.0|1640690347.820315
2999.0|1640690348.7120872
2949.0|1640690349.56148
2759.0|1640690350.670154
2989.0|1640795788.3796852
3089.0|1640795789.054165
2899.0|1640795789.65819
3169.0|1640795790.6165152
2999.0|1640795791.47983
2759.0|1640795793.305463
2989.0|1640795949.857365
3089.0|1640795950.644021
2899.0|1640795951.318531
3169.0|1640795952.1770701
2999.0|1640795952.978101
2759.0|1640795954.688071
