1999.0|1639927966.2183669
1949.0|1639927967.326524
1949.0|1639927970.48425
1899.0|1639927971.7522151
1999.0|1639927972.6673112
1989.0|1639927984.276105
1869.0|1639927992.16077
1999.0|1639929962.5597281
1949.0|1639929964.2864032
1949.0|1639929968.6470342
1899.0|1639929969.3959901
1999.0|1639929970.101087
1989.0|1639929981.780871
1869.0|1639929989.78278
2099.0|1640021387.09896
1949.0|1640021392.571597
1899.0|1640021393.7125142
1989.0|1640021403.6427789
1869.0|1640021408.159787
2099.0|1640436701.334281
1999.0|1640436701.9224079
2099.0|1640437423.172181
1999.0|1640437423.900688
2099.0|1640437663.4942698
1999.0|1640437664.4237802
2099.0|1640437794.186193
1999.0|1640437794.8784351
2099.0|1640438039.615613
1999.0|1640438040.337157
2099.0|1640477970.640061
1999.0|1640477971.486027
2099.0|1640690344.102426
1899.0|1640817517.067491
1899.0|1640817914.607071
1999.0|1640960623.144126
1999.0|1640961403.725941
1999.0|1640961716.885427
1999.0|1641385535.6128519
