759.0|1639927864.030397
799.0|1639927864.697291
789.0|1639927865.1844249
764.0|1639927865.789202
749.0|1639927871.369344
759.0|1639929860.294945
799.0|1639929860.713115
789.0|1639929861.238318
764.0|1639929861.7790349
749.0|1639929866.931586
799.0|1640020830.688051
764.0|1640020831.393173
859.0|1640020831.902698
689.0|1640020832.4181771
829.0|1640020834.6936162
699.0|1640020839.445515
759.0|1640428250.1016881
799.0|1640428250.7679439
764.0|1640428251.782599
859.0|1640428252.441797
689.0|1640428253.059456
749.0|1640428253.835518
659.0|1640428254.7182899
799.0|1640428255.540121
769.0|1640428256.232786
799.0|1640428256.958334
759.0|1640436551.038441
799.0|1640436551.593441
764.0|1640436552.4142132
859.0|1640436552.906776
689.0|1640436553.518069
749.0|1640436554.231883
659.0|1640436554.9603572
799.0|1640436555.6161358
769.0|1640436556.2888901
799.0|1640436556.888939
759.0|1640436664.219614
799.0|1640436664.934753
764.0|1640436666.167797
859.0|1640436666.777536
689.0|1640436667.490782
749.0|1640436668.2060978
659.0|1640436669.031879
799.0|1640436669.772765
769.0|1640436670.440099
799.0|1640436671.17296
759.0|1640437386.802519
799.0|1640437387.557945
764.0|1640437388.878067
859.0|1640437389.5568268
689.0|1640437390.2973912
749.0|1640437391.227903
659.0|1640437392.78236
799.0|1640437393.5374951
769.0|1640437394.193749
799.0|1640437395.0419872
759.0|1640437628.379127
799.0|1640437629.125781
764.0|1640437630.130674
859.0|1640437630.783061
689.0|1640437631.56217
749.0|1640437632.583483
659.0|1640437633.2960908
799.0|1640437634.0809531
769.0|1640437634.8468869
799.0|1640437635.548127
759.0|1640437755.2452118
799.0|1640437756.27598
764.0|1640437757.704403
859.0|1640437758.735144
689.0|1640437759.4520252
749.0|1640437760.2059772
659.0|1640437761.170194
799.0|1640437761.9616199
769.0|1640437763.2538738
799.0|1640437763.932045
759.0|1640438002.531411
799.0|1640438003.2671418
764.0|1640438004.1862369
859.0|1640438004.909593
689.0|1640438005.723906
749.0|1640438006.546483
659.0|1640438007.4555929
799.0|1640438008.5871859
769.0|1640438009.552576
799.0|1640438010.152898
759.0|1640477931.919798
799.0|1640477932.5541482
764.0|1640477933.481343
859.0|1640477934.089328
689.0|1640477935.1060421
749.0|1640477936.6578088
659.0|1640477937.680201
799.0|1640477938.667446
769.0|1640477939.4795551
759.0|1640690313.143355
799.0|1640690313.934648
859.0|1640690315.1316428
759.0|1640795764.102825
799.0|1640795764.692978
859.0|1640795765.842624
759.0|1640795924.358752
799.0|1640795925.049525
859.0|1640795926.250091
759.0|1640796636.6604722
799.0|1640796637.309085
859.0|1640796638.398138
759.0|1640800705.073196
799.0|1640800705.535202
859.0|1640800706.430366
829.0|1640817488.1157398
829.0|1640817883.6655931
