989.0|1639927898.3665679
1214.0|1639927899.0296881
1089.0|1639927899.695456
1229.0|1639927900.357161
1089.0|1639927901.232162
1189.0|1639927901.9498801
1189.0|1639927902.7661629
1139.0|1639927903.482731
1229.0|1639927904.135635
1169.0|1639927905.0892448
1199.0|1639927907.820201
1039.0|1639927925.083236
939.0|1639927929.173415
989.0|1639929896.2380621
1214.0|1639929896.748428
1089.0|1639929897.361581
1229.0|1639929897.954174
1089.0|1639929898.6366038
1189.0|1639929899.207679
1189.0|1639929899.718656
1139.0|1639929900.5392792
1229.0|1639929901.0806139
1169.0|1639929902.417276
1199.0|1639929905.2812328
1039.0|1639929921.9102988
939.0|1639929925.7457101
1214.0|1640021045.310045
1089.0|1640021045.8991659
1229.0|1640021046.409364
1189.0|1640021047.1238358
1139.0|1640021047.947197
1229.0|1640021048.354301
1169.0|1640021048.869878
1299.0|1640021050.304896
1169.0|1640021051.608671
1199.0|1640021054.742871
1099.0|1640021055.8664079
1049.0|1640021071.2105012
1214.0|1640436679.765075
1229.0|1640436681.023378
1189.0|1640436682.1477702
1139.0|1640436683.1858509
1229.0|1640436683.817792
1169.0|1640436684.518652
1299.0|1640436685.432111
989.0|1640436686.142509
1089.0|1640436687.477064
1214.0|1640437403.5725372
1229.0|1640437404.62207
1189.0|1640437405.729737
1139.0|1640437407.088613
1229.0|1640437407.714401
1169.0|1640437408.5012841
1299.0|1640437409.433522
989.0|1640437410.143469
1089.0|1640437411.379366
1214.0|1640437643.335616
1229.0|1640437644.497432
1189.0|1640437645.442423
1139.0|1640437646.500736
1229.0|1640437647.123444
1169.0|1640437647.7335901
1299.0|1640437648.549946
989.0|1640437649.299474
1089.0|1640437650.570546
1214.0|1640437774.465719
1229.0|1640437775.554708
1189.0|1640437776.568885
1139.0|1640437777.746923
1229.0|1640437778.394836
1169.0|1640437779.219881
1299.0|1640437780.6648588
989.0|1640437781.2712162
1089.0|1640437782.287863
1214.0|1640438017.934939
1229.0|1640438018.969398
1189.0|1640438020.017592
1139.0|1640438021.119667
1229.0|1640438021.904424
1169.0|1640438022.879213
1299.0|1640438023.758302
989.0|1640438024.470695
1089.0|1640438025.59374
1214.0|1640477949.317491
1229.0|1640477950.4837499
1189.0|1640477951.498209
1139.0|1640477952.804304
1229.0|1640477953.5204291
1169.0|1640477954.256733
1299.0|1640477955.1723058
989.0|1640477955.905495
1089.0|1640477956.9940422
1229.0|1640690325.049742
1089.0|1640690325.8660648
1189.0|1640690326.686672
1139.0|1640690328.636537
1229.0|1640690329.791211
1169.0|1640690330.805252
1299.0|1640690331.7132092
1089.0|1640690333.266334
1189.0|1640795775.369076
1139.0|1640795776.6009521
1229.0|1640795777.313057
1169.0|1640795778.0012941
1299.0|1640795778.8096619
1189.0|1640795936.269297
1139.0|1640795937.303041
1229.0|1640795938.057475
1169.0|1640795938.940542
1299.0|1640795939.849087
1189.0|1640800716.862848
1139.0|1640800717.823926
1229.0|1640800718.303487
1169.0|1640800719.066807
1299.0|1640800719.7915578
1169.0|1640817494.822027
1169.0|1640817889.9325829
1169.0|1641137160.461077
1169.0|1641138916.417763
