989.0|1639927871.9357598
899.0|1639927872.6577868
959.0|1639927873.265881
949.0|1639927875.246291
849.0|1639927877.1059358
989.0|1639929867.551417
899.0|1639929868.4927528
959.0|1639929869.085173
949.0|1639929871.1842718
849.0|1639929873.0219011
899.0|1640020928.987008
959.0|1640020929.799069
839.0|1640020930.303423
949.0|1640020932.9411771
1029.0|1640436672.5037508
899.0|1640436673.232624
959.0|1640436674.15112
839.0|1640436674.8217149
899.0|1640436675.900706
979.0|1640436677.014188
919.0|1640436677.940374
879.0|1640436678.863981
1029.0|1640437396.5264268
899.0|1640437397.151114
959.0|1640437397.9375439
839.0|1640437398.931029
899.0|1640437400.013168
979.0|1640437400.991743
919.0|1640437401.643235
879.0|1640437402.383005
1029.0|1640437636.777767
899.0|1640437637.503881
959.0|1640437638.315839
839.0|1640437639.0295901
899.0|1640437639.9074528
979.0|1640437640.703664
919.0|1640437641.3872588
879.0|1640437642.1117198
1029.0|1640437765.477202
899.0|1640437766.5165482
959.0|1640437768.3324192
839.0|1640437768.9933
899.0|1640437769.937005
979.0|1640437771.024441
919.0|1640437771.5675101
879.0|1640437772.250358
1029.0|1640438011.4110432
899.0|1640438012.077015
959.0|1640438012.895614
839.0|1640438013.620641
899.0|1640438014.6362612
979.0|1640438015.4501219
919.0|1640438016.1548018
879.0|1640438016.7564101
1029.0|1640477940.948818
899.0|1640477941.8837
959.0|1640477942.7785978
839.0|1640477943.595969
899.0|1640477944.5123682
979.0|1640477945.438974
919.0|1640477946.455764
879.0|1640477948.0568519
1029.0|1640690317.789381
899.0|1640690318.59152
959.0|1640690319.212409
939.0|1640690320.216033
899.0|1640690320.958571
979.0|1640690321.880932
919.0|1640690322.5889401
879.0|1640690323.217576
1029.0|1640795768.643887
899.0|1640795769.333868
959.0|1640795770.048182
899.0|1640795771.152371
979.0|1640795772.0862532
919.0|1640795772.6988301
879.0|1640795773.363327
1029.0|1640795929.300621
899.0|1640795929.991393
959.0|1640795930.699671
899.0|1640795932.051692
979.0|1640795932.9854898
919.0|1640795933.676975
879.0|1640795934.292284
1029.0|1640800709.511368
899.0|1640800710.055244
959.0|1640800710.539297
899.0|1640800711.713023
979.0|1640800712.650571
919.0|1640800714.270823
879.0|1640800714.823818
899.0|1640960578.7153652
899.0|1640961359.225142
899.0|1640961664.736448
899.0|1641137150.446313
899.0|1641138904.617301
949.0|1641331511.4702249
969.0|1641331534.88371
969.0|1641331540.135883
989.0|1641331545.279357
989.0|1641385512.333214
