1159.0|1639927929.871098
1199.0|1639927930.725394
1299.0|1639927931.230725
1349.0|1639927931.847934
1329.0|1639927932.466845
1249.0|1639927933.3896909
1324.0|1639927933.97191
1219.0|1639927942.875135
1199.0|1639927946.8337831
1159.0|1639929926.5586739
1199.0|1639929927.169141
1299.0|1639929927.749747
1349.0|1639929928.290699
1329.0|1639929928.812115
1249.0|1639929929.5284312
1324.0|1639929930.0312362
1219.0|1639929939.0395808
1199.0|1639929943.014395
1299.0|1640021168.370034
1349.0|1640021168.821263
1329.0|1640021169.391841
1249.0|1640021170.111543
1334.0|1640021170.7218719
1299.0|1640021175.284384
1199.0|1640021176.396499
1299.0|1640436688.504857
1349.0|1640436690.177432
1329.0|1640436691.163112
1349.0|1640436691.875318
1249.0|1640436692.501709
1324.0|1640436693.280567
1139.0|1640436693.923724
1399.0|1640436695.6457322
1279.0|1640436696.2589388
1239.0|1640436696.963639
1299.0|1640437412.5678458
1349.0|1640437413.237729
1329.0|1640437414.104438
1349.0|1640437414.7867498
1249.0|1640437415.394271
1324.0|1640437416.149666
1139.0|1640437416.7780328
1399.0|1640437417.488273
1279.0|1640437418.132711
1239.0|1640437418.840541
1299.0|1640437651.819253
1349.0|1640437652.462301
1329.0|1640437653.370303
1349.0|1640437654.190324
1249.0|1640437654.906197
1324.0|1640437655.8283389
1139.0|1640437656.659549
1399.0|1640437657.462702
1279.0|1640437658.59849
1239.0|1640437659.236296
1299.0|1640437783.519818
1349.0|1640437784.1382122
1329.0|1640437785.168627
1349.0|1640437785.872967
1249.0|1640437786.4864159
1324.0|1640437787.228794
1139.0|1640437787.928312
1399.0|1640437788.647219
1279.0|1640437789.3570912
1239.0|1640437790.0681999
1299.0|1640438026.935626
1349.0|1640438028.122486
1329.0|1640438029.431861
1349.0|1640438030.183618
1249.0|1640438030.923104
1324.0|1640438031.708074
1139.0|1640438032.354182
1399.0|1640438033.129004
1279.0|1640438033.790688
1239.0|1640438034.430449
1299.0|1640477958.251312
1349.0|1640477958.937498
1329.0|1640477959.851339
1349.0|1640477960.642772
1249.0|1640477961.273891
1324.0|1640477962.3024452
1139.0|1640477963.1916149
1399.0|1640477963.9407291
1279.0|1640477964.871315
1239.0|1640477965.931745
1299.0|1640690334.552928
1349.0|1640690335.286477
1329.0|1640690336.3416152
1349.0|1640690337.0709078
1249.0|1640690337.789558
1324.0|1640690338.502794
1399.0|1640690339.528526
1279.0|1640690340.228991
1239.0|1640690341.16707
