1399.0|1639928072.421102
1399.0|1639928075.5469298
1449.0|1639928076.554934
1399.0|1639930076.447814
1399.0|1639930079.578829
1449.0|1639930080.5630138
1399.0|1640021751.823058
1399.0|1640021752.5407622
1289.0|1640021753.154355
1399.0|1640021757.324471
1449.0|1640021758.300761
1299.0|1640021759.341515
1399.0|1640436723.0579479
1399.0|1640436723.882227
1289.0|1640436724.734688
1419.0|1640436725.42866
1399.0|1640437445.390662
1399.0|1640437446.52099
1289.0|1640437447.12335
1419.0|1640437447.774465
1399.0|1640437687.878457
1399.0|1640437688.6934369
1289.0|1640437689.408248
1419.0|1640437690.126826
1399.0|1640437816.78066
1399.0|1640437817.501128
1289.0|1640437818.231946
1419.0|1640437818.902299
1399.0|1640438060.889106
1399.0|1640438061.742367
1289.0|1640438062.670811
1419.0|1640438063.375207
1399.0|1640477993.940393
1399.0|1640477994.892396
1419.0|1640477996.036078
1399.0|1640795969.867948
1419.0|1640795971.297442
1399.0|1640800745.5801952
1419.0|1640800746.538229
1399.0|1640817563.260732
1499.99|1640817564.760671
1399.0|1640817961.041673
1499.99|1640817961.8919199
1499.99|1640960708.276257
1499.99|1640961483.6679418
1499.99|1640961803.0419798
