674.0|1639928029.5410938
689.0|1639928030.1622558
669.0|1639928030.670903
689.0|1639928031.279798
669.0|1639928032.334482
699.0|1639928033.3718631
729.0|1639928034.194598
679.0|1639928035.021621
699.0|1639928035.858838
699.0|1639928036.927537
830.95|1639928043.0913239
674.0|1639930031.891356
689.0|1639930032.379675
669.0|1639930033.035265
689.0|1639930033.550242
669.0|1639930034.731622
699.0|1639930035.934067
729.0|1639930036.6443121
679.0|1639930037.385303
699.0|1639930038.440139
699.0|1639930039.540169
830.95|1639930046.202191
674.0|1640021650.674634
689.0|1640021651.334906
689.0|1640021652.286669
649.0|1640021653.499671
699.0|1640021654.789668
729.0|1640021656.026718
659.0|1640021656.8338728
699.0|1640021657.66713
699.0|1640021659.216019
830.95|1640021664.056831
674.0|1640436712.340242
689.0|1640436713.150495
669.0|1640436713.673907
689.0|1640436714.62655
699.0|1640436715.461596
699.0|1640436716.1535099
674.0|1640437434.5395122
689.0|1640437435.6676962
669.0|1640437436.370965
689.0|1640437437.178407
699.0|1640437437.953103
699.0|1640437438.7334988
674.0|1640437675.781413
689.0|1640437676.815249
669.0|1640437677.638346
689.0|1640437678.687804
699.0|1640437679.487777
699.0|1640437680.8207512
674.0|1640437805.1345558
689.0|1640437806.2638578
669.0|1640437807.181288
689.0|1640437808.229001
699.0|1640437809.12146
699.0|1640437809.881532
674.0|1640438050.5815198
689.0|1640438051.4026601
669.0|1640438052.074164
689.0|1640438053.05551
699.0|1640438053.8669472
699.0|1640438054.5898728
674.0|1640477981.433185
689.0|1640477982.311685
689.0|1640477983.6424131
699.0|1640477984.463583
699.0|1640477985.248362
674.0|1640690354.949431
689.0|1640690355.697838
669.0|1640690356.358193
689.0|1640690357.475713
699.0|1640690358.5088918
699.0|1640690359.295031
674.0|1640795797.9525938
689.0|1640795798.553204
669.0|1640795799.194818
689.0|1640795800.146703
699.0|1640795800.8836029
699.0|1640795801.683163
674.0|1640795959.453538
689.0|1640795960.180496
669.0|1640795960.8573508
689.0|1640795961.7791622
699.0|1640795962.525176
699.0|1640795963.301728
674.0|1640800736.052991
689.0|1640800736.6974
669.0|1640800737.202246
689.0|1640800738.091501
699.0|1640800738.538528
699.0|1640800739.096274
649.0|1640817538.85375
729.0|1640817540.588274
699.0|1640817544.081496
669.0|1640817545.431823
669.0|1640817546.549771
729.0|1640817938.5358021
699.0|1640817941.0244281
669.0|1640817942.053679
669.0|1640817944.4829938
729.0|1640960667.862895
699.0|1640960671.474166
669.0|1640960672.3654778
669.0|1640960673.6912441
729.0|1640961444.571999
699.0|1640961449.609937
669.0|1640961451.076673
669.0|1640961452.6356852
729.0|1640961764.347024
659.0|1640961765.507733
699.0|1640961767.7200909
669.0|1640961768.776913
669.0|1640961769.949877
