1699.0|1639928079.863963
1599.0|1639928080.538976
1599.0|1639928081.048867
1769.0|1639928081.87231
1949.0|1639928082.4840052
1499.0|1639928083.1784809
1569.0|1639928084.12817
1599.0|1639928084.763226
1749.0|1639928085.781301
1779.0|1639928087.119012
1679.0|1639928087.774406
1899.0|1639928088.413232
1899.0|1639928092.374045
1729.0|1639928096.3826098
2144.59|1639928100.268662
1579.0|1639928104.428888
1809.48|1639928112.624683
1699.0|1639928116.59196
1699.0|1639930085.065438
1599.0|1639930085.8846872
1599.0|1639930086.393822
1769.0|1639930087.315043
1949.0|1639930087.934756
1499.0|1639930089.402051
1569.0|1639930090.054003
1599.0|1639930090.986586
1749.0|1639930091.697458
1779.0|1639930092.56983
1679.0|1639930093.219712
1899.0|1639930093.965525
1899.0|1639930098.242987
1729.0|1639930102.235035
2144.59|1639930106.12291
1579.0|1639930110.1341598
1809.48|1639930117.874516
1699.0|1639930121.932074
1699.0|1640021819.065096
1599.0|1640021819.812187
1599.0|1640021820.325386
1769.0|1640021821.127729
1949.0|1640021821.762582
1699.0|1640021822.47899
1499.0|1640021823.730356
1569.0|1640021824.569094
1579.0|1640021826.035548
1699.0|1640021826.6630669
1779.0|1640021827.5277572
1679.0|1640021828.654672
1899.0|1640021829.449234
1899.0|1640021832.7903411
1729.0|1640021835.30436
2144.59|1640021837.3520892
1579.0|1640021839.5484438
1809.48|1640021844.230908
1699.0|1640436731.303446
1769.0|1640436733.0444741
1949.0|1640436734.078687
1849.0|1640436735.288747
1539.0|1640436736.120481
1699.0|1640437452.554859
1769.0|1640437453.884722
1949.0|1640437454.819647
1849.0|1640437456.152639
1539.0|1640437456.850328
1699.0|1640437694.9403331
1769.0|1640437696.37958
1949.0|1640437697.2477388
1849.0|1640437698.349778
1539.0|1640437699.042432
1699.0|1640437823.4649699
1769.0|1640437824.8013928
1949.0|1640437825.710927
1849.0|1640437826.875722
1539.0|1640437827.591707
1699.0|1640438068.504152
1769.0|1640438070.2953339
1949.0|1640438071.275125
1849.0|1640438072.3948622
1539.0|1640438073.110975
1699.0|1640478001.6802828
1769.0|1640478003.271669
1949.0|1640478004.34863
1849.0|1640478005.6818812
1699.0|1640795975.5052118
1599.0|1640795976.18325
1769.0|1640795977.34114
1949.0|1640795978.1155798
1849.0|1640795979.081613
1539.0|1640795979.717949
1699.0|1640800749.468239
1599.0|1640800749.905115
1769.0|1640800750.792486
1949.0|1640800751.629571
1849.0|1640800752.796441
1539.0|1640800753.469603
1499.0|1640817572.6963232
1569.0|1640817575.2567139
1579.0|1640817576.865471
1699.0|1640817578.344377
1779.0|1640817579.415547
1679.0|1640817580.9149399
1712.58|1640817584.4205031
1499.0|1640817975.154856
1569.0|1640817976.483824
1579.0|1640817977.664876
1699.0|1640817978.685781
1779.0|1640817980.5255558
1679.0|1640817981.960453
1712.58|1640817985.367402
1499.0|1640960723.12412
1569.0|1640960724.6504362
1579.0|1640960726.079127
1699.0|1640960727.415874
1779.0|1640960728.750088
1679.0|1640960729.963779
1712.58|1640960733.51311
1499.0|1640961501.06703
1569.0|1640961504.311102
1579.0|1640961505.381264
1699.0|1640961506.3136299
1779.0|1640961508.9953878
1679.0|1640961511.6550028
1712.58|1640961514.028362
1499.0|1640961820.586578
1569.0|1640961821.9334168
1579.0|1640961824.510263
1699.0|1640961826.458373
1779.0|1640961827.591597
1679.0|1640961828.854083
1712.58|1640961831.265045
