599.0|1639928016.836128
549.0|1639928017.3816462
609.0|1639928017.867521
599.0|1639928018.609431
619.0|1639928019.321731
599.0|1639928020.04118
619.0|1639928021.0525599
699.0|1639928022.207565
679.0|1639928023.232312
699.0|1639928024.2218492
619.0|1639928024.9768808
599.0|1639930017.225835
549.0|1639930017.910254
609.0|1639930018.4020622
599.0|1639930019.5727081
619.0|1639930020.395426
599.0|1639930022.424972
619.0|1639930023.448506
699.0|1639930024.667249
679.0|1639930025.394955
699.0|1639930026.238205
619.0|1639930027.553824
599.0|1640021624.4573472
609.0|1640021625.2803829
539.0|1640021625.788318
599.0|1640021627.027128
579.0|1640021627.9729578
569.0|1640021629.0835881
619.0|1640021630.120723
699.0|1640021632.169307
676.52|1640021633.4297988
699.0|1640021634.318895
549.0|1640436709.087463
609.0|1640436709.998891
539.0|1640436710.7621279
629.0|1640436711.618955
549.0|1640437431.167994
609.0|1640437432.193341
539.0|1640437432.906222
629.0|1640437433.836668
549.0|1640437671.652682
609.0|1640437672.7257469
539.0|1640437673.7394502
629.0|1640437675.078454
549.0|1640437801.932232
609.0|1640437802.874967
539.0|1640437803.5095968
629.0|1640437804.369285
549.0|1640438047.2997131
609.0|1640438048.252774
539.0|1640438048.941612
629.0|1640438049.9024131
549.0|1640477978.1826718
609.0|1640477979.455998
629.0|1640477980.689814
599.0|1640690351.473566
609.0|1640690353.025325
629.0|1640690354.1393962
599.0|1640795793.977599
549.0|1640795794.929077
609.0|1640795795.678174
539.0|1640795796.355259
629.0|1640795797.185285
599.0|1640795955.447011
549.0|1640795956.2143989
609.0|1640795956.9734242
539.0|1640795958.046565
629.0|1640795958.725955
599.0|1640800733.4012108
609.0|1640800734.20095
539.0|1640800734.933714
629.0|1640800735.497504
599.0|1640817527.296758
579.0|1640817529.106294
569.0|1640817531.142091
619.0|1640817532.52503
699.0|1640817533.6746151
676.52|1640817535.310455
619.0|1640817537.140407
699.0|1640817537.974537
599.0|1640817924.208182
579.0|1640817926.03742
569.0|1640817927.420692
619.0|1640817928.7099578
699.0|1640817929.929037
676.52|1640817931.166097
619.0|1640817934.796919
699.0|1640817936.077259
599.0|1640960650.38252
579.0|1640960651.4944892
569.0|1640960653.032324
619.0|1640960654.392261
699.0|1640960655.666888
676.52|1640960657.3642392
619.0|1640960659.7255812
699.0|1640960660.6468349
599.0|1640961425.22116
579.0|1640961426.069022
569.0|1640961427.249755
619.0|1640961428.4221802
699.0|1640961429.62126
676.52|1640961431.978028
619.0|1640961436.73856
699.0|1640961437.712252
599.0|1640961745.0865762
579.0|1640961746.245538
569.0|1640961747.669621
619.0|1640961749.069963
699.0|1640961751.148036
676.52|1640961752.201601
619.0|1640961754.275
699.0|1640961755.449229
579.0|1641138311.900092
569.0|1641138313.5749068
619.0|1641138314.7340438
699.0|1641138315.835176
676.52|1641138316.665386
619.0|1641138319.4980009
699.0|1641138321.402289
569.0|1641138322.5091379
589.0|1641138325.461357
599.0|1641138982.467502
579.0|1641138983.411621
569.0|1641138984.495929
619.0|1641138986.4146152
699.0|1641138987.6797109
676.52|1641138989.158247
619.0|1641138991.276557
699.0|1641138992.1930869
569.0|1641138993.134492
589.0|1641138995.157983
