1399.0|1639928077.6319182
1449.0|1639928078.611412
1449.0|1639928079.436001
1399.0|1639930081.532795
1449.0|1639930082.616203
1449.0|1639930084.491793
1399.0|1640021782.653003
1449.0|1640021783.157774
1399.0|1640021783.64099
1589.0|1640021784.1830552
1399.0|1640021785.641958
1449.0|1640021786.65094
1399.0|1640021788.933456
1399.0|1640436726.3163881
1399.0|1640436727.4840472
1589.0|1640436728.527576
1589.0|1640436729.5779462
1489.0|1640436730.482413
1399.0|1640437448.5771048
1399.0|1640437449.8206751
1589.0|1640437450.462506
1589.0|1640437451.228715
1489.0|1640437451.930343
1399.0|1640437691.1006458
1399.0|1640437692.100236
1589.0|1640437692.7910001
1589.0|1640437693.6174662
1489.0|1640437694.336792
1399.0|1640437819.552999
1399.0|1640437820.802978
1589.0|1640437821.41002
1589.0|1640437822.224603
1489.0|1640437822.849493
1399.0|1640438064.0786612
1399.0|1640438065.037706
1589.0|1640438065.733033
1589.0|1640438066.6767302
1489.0|1640438067.676948
1399.0|1640477997.641082
1589.0|1640477998.750199
1589.0|1640477999.9731698
1489.0|1640478000.872813
1399.0|1640795972.5726788
1589.0|1640795973.236309
1589.0|1640795974.094184
1489.0|1640795974.834285
1399.0|1640800747.525011
1589.0|1640800747.962689
1589.0|1640800748.628285
1489.0|1640800749.07744
1399.0|1640817566.876163
1449.0|1640817568.055479
1399.0|1640817964.247478
1449.0|1640817966.149747
1399.0|1640960713.062691
1449.0|1640960714.4747798
1399.0|1640961492.304536
1449.0|1640961493.4505029
1399.0|1640961808.35938
1449.0|1640961809.778191
