949.0|1639928053.402092
959.0|1639928053.918572
979.0|1639928054.3454878
949.0|1639928054.836107
989.0|1639928055.309878
989.0|1639928055.781377
939.0|1639928056.2762089
949.0|1639928056.742157
999.0|1639928057.613415
1049.0|1639928058.753685
1099.0|1639928059.6585522
989.0|1639928060.680501
989.0|1639928061.383318
999.0|1639928062.4428558
949.0|1639930056.7844381
959.0|1639930057.418298
979.0|1639930057.9270122
949.0|1639930058.5452778
989.0|1639930059.056208
989.0|1639930059.665298
939.0|1639930060.1798851
949.0|1639930060.6893172
999.0|1639930061.7599318
1049.0|1639930062.890319
1099.0|1639930063.99816
989.0|1639930064.9991271
989.0|1639930066.0487869
999.0|1639930066.987006
949.0|1640021700.8609731
959.0|1640021701.346418
979.0|1640021701.957731
949.0|1640021702.469339
989.0|1640021702.9831831
989.0|1640021703.391577
899.0|1640021704.011358
949.0|1640021704.721347
949.0|1640021705.877017
989.0|1640021706.804383
989.0|1640021707.946213
949.0|1640021709.1540039
989.0|1640021710.6363242
969.0|1640021711.7886028
949.0|1640436716.962153
959.0|1640436717.7081878
979.0|1640436718.503894
949.0|1640436719.217685
989.0|1640436719.941181
949.0|1640436721.35993
959.0|1640436722.180734
949.0|1640437439.348306
959.0|1640437440.075871
979.0|1640437440.702762
949.0|1640437441.408963
989.0|1640437442.133156
949.0|1640437443.346115
959.0|1640437444.070317
949.0|1640437681.49617
959.0|1640437682.253418
979.0|1640437683.06356
949.0|1640437684.28989
989.0|1640437685.042479
949.0|1640437686.369238
959.0|1640437687.16886
949.0|1640437810.510676
959.0|1640437811.2066612
979.0|1640437811.823532
949.0|1640437812.586081
989.0|1640437813.226144
949.0|1640437815.355575
959.0|1640437816.0309918
949.0|1640438055.292556
959.0|1640438056.014569
979.0|1640438056.73502
949.0|1640438057.441104
989.0|1640438058.182401
949.0|1640438059.482583
959.0|1640438060.213262
949.0|1640477986.213887
959.0|1640477987.252817
979.0|1640477988.389859
949.0|1640477989.397908
989.0|1640477990.429776
949.0|1640477992.0937521
959.0|1640477993.1022458
